5973.0000 768.0000 768.0000 0.8569 0.1818 0.1558
5973.0000 768.0000 1195.0000 0.1431 0.1818 0.0260
5973.0000 2062.0000 768.0000 0.4284 0.2727 0.1168
5973.0000 2062.0000 1195.0000 0.0716 0.2727 0.0195
5973.0000 2062.0000 5922.0000 0.5000 0.2727 0.1364
5973.0000 3718.0000 768.0000 0.4284 0.2727 0.1168
5973.0000 3718.0000 1195.0000 0.0716 0.2727 0.0195
5973.0000 3718.0000 5922.0000 0.5000 0.2727 0.1364
5973.0000 4848.0000 4791.0000 1.0000 0.0909 0.0909
5973.0000 6051.0000 6051.0000 1.0000 0.0909 0.0909
5973.0000 6780.0000 2035.0000 1.0000 0.0909 0.0909
6083.0000 3006.0000 3006.0000 1.0000 0.3333 0.3333
6083.0000 3112.0000 3112.0000 1.0000 0.3333 0.3333
6083.0000 4029.0000 4029.0000 1.0000 0.3333 0.3333
6012.0000 4071.0000 4071.0000 0.3281 0.5000 0.1640
6012.0000 4071.0000 4073.0000 0.2887 0.5000 0.1443
6012.0000 4071.0000 5815.0000 0.0766 0.5000 0.0383
6012.0000 4073.0000 4071.0000 0.3335 0.3333 0.1112
6012.0000 4073.0000 4073.0000 0.6665 0.3333 0.2222
6012.0000 5815.0000 5815.0000 1.0000 0.1667 0.1667
6030.0000 2970.0000 2970.0000 0.6670 0.2500 0.1668
6030.0000 2970.0000 3026.0000 0.3330 0.2500 0.0833
6030.0000 3026.0000 2970.0000 0.6670 0.2500 0.1668
6030.0000 3026.0000 3026.0000 0.3330 0.2500 0.0833
6030.0000 5770.0000 5770.0000 1.0000 0.1250 0.1250
6030.0000 8411.0000 8411.0000 1.0000 0.1250 0.1250
6030.0000 42282.0000 42283.0000 1.0000 0.1250 0.1250
6030.0000 42369.0000 42369.0000 1.0000 0.1250 0.1250
6037.0000 685.0000 685.0000 0.6670 0.2222 0.1482
6037.0000 685.0000 1676.0000 0.3330 0.2222 0.0740
6037.0000 701.0000 724.0000 0.0370 0.2222 0.0082
6037.0000 701.0000 1676.0000 0.0356 0.2222 0.0079
6037.0000 739.0000 2585.0000 1.0000 0.1111 0.1111
6037.0000 1676.0000 685.0000 0.2221 0.2222 0.0494
6037.0000 1676.0000 1676.0000 0.4567 0.2222 0.1015
6037.0000 3686.0000 3686.0000 1.0000 0.1111 0.1111
6037.0000 5332.0000 5332.0000 1.0000 0.1111 0.1111
5976.0000 4070.0000 4070.0000 0.2000 0.1667 0.0333
5976.0000 4578.0000 5815.0000 1.0000 0.1667 0.1667
5976.0000 5814.0000 4070.0000 0.0400 0.3333 0.0133
5976.0000 5814.0000 5814.0000 0.8000 0.3333 0.2667
5976.0000 5815.0000 5815.0000 1.0000 0.1667 0.1667
5976.0000 17750.0000 17750.0000 1.0000 0.1667 0.1667
6078.0000 2964.0000 2964.0000 0.6161 0.5000 0.3081
6078.0000 17830.0000 17830.0000 1.0000 0.5000 0.5000
6047.0000 3003.0000 2974.0000 1.0000 0.2500 0.2500
6047.0000 16283.0000 16283.0000 1.0000 0.2500 0.2500
6047.0000 17782.0000 5926.0000 1.0000 0.2500 0.2500
6047.0000 45287.0000 45287.0000 0.5160 0.2500 0.1290
5978.0000 6076.0000 6076.0000 1.0000 0.1000 0.1000
5978.0000 6671.0000 6092.0000 0.1198 0.4000 0.0479
5978.0000 6671.0000 6094.0000 0.0902 0.4000 0.0361
5978.0000 6671.0000 6671.0000 0.4581 0.4000 0.1833
5978.0000 6671.0000 25532.0000 0.1523 0.4000 0.0609
5978.0000 25532.0000 6092.0000 0.1087 0.4000 0.0435
5978.0000 25532.0000 6094.0000 0.1051 0.4000 0.0420
5978.0000 25532.0000 6671.0000 0.4130 0.4000 0.1652
5978.0000 25532.0000 25532.0000 0.2108 0.4000 0.0843
5978.0000 25992.0000 25992.0000 1.0000 0.1000 0.1000
6015.0000 5307.0000 5307.0000 1.0000 0.1111 0.1111
6015.0000 6183.0000 6183.0000 0.7622 0.2222 0.1694
6015.0000 6183.0000 9687.0000 0.0476 0.2222 0.0106
6015.0000 14301.0000 14301.0000 1.0000 0.1111 0.1111
6015.0000 14348.0000 6183.0000 0.2860 0.2222 0.0635
6015.0000 14348.0000 9687.0000 0.1428 0.2222 0.0317
6015.0000 14664.0000 9261.0000 0.5000 0.2222 0.1111
6015.0000 14664.0000 14664.0000 0.5000 0.2222 0.1111
6015.0000 14718.0000 27867.0000 1.0000 0.1111 0.1111
6091.0000 562.0000 562.0000 0.8499 0.2857 0.2428
6091.0000 562.0000 565.0000 0.0500 0.2857 0.0143
6091.0000 4838.0000 4838.0000 1.0000 0.1429 0.1429
6091.0000 6022.0000 6022.0000 1.0000 0.1429 0.1429
6091.0000 12054.0000 12054.0000 1.0000 0.1429 0.1429
6091.0000 12146.0000 12146.0000 1.0000 0.1429 0.1429
6091.0000 12262.0000 12263.0000 1.0000 0.1429 0.1429
6045.0000 762.0000 762.0000 1.0000 0.0833 0.0833
6045.0000 1212.0000 1172.0000 0.2187 0.2500 0.0547
6045.0000 1212.0000 1212.0000 0.5937 0.2500 0.1484
6045.0000 1212.0000 1539.0000 0.0625 0.2500 0.0156
6045.0000 1539.0000 1172.0000 0.0468 0.2500 0.0117
6045.0000 1539.0000 1212.0000 0.0468 0.2500 0.0117
6045.0000 1539.0000 1539.0000 0.7187 0.2500 0.1797
6045.0000 13157.0000 1172.0000 0.0833 0.3333 0.0278
6045.0000 13157.0000 1212.0000 0.1388 0.3333 0.0463
6045.0000 13157.0000 1539.0000 0.2223 0.3333 0.0741
6045.0000 13157.0000 13157.0000 0.3330 0.3333 0.1110
6045.0000 20308.0000 24613.0000 1.0000 0.0833 0.0833
5974.0000 562.0000 562.0000 1.0000 0.1429 0.1429
5974.0000 565.0000 6060.0000 1.0000 0.1429 0.1429
5974.0000 1695.0000 1535.0000 0.5000 0.2857 0.1429
5974.0000 1695.0000 1695.0000 0.5000 0.2857 0.1429
5974.0000 2699.0000 562.0000 1.0000 0.1429 0.1429
5974.0000 6060.0000 6060.0000 1.0000 0.1429 0.1429
5974.0000 24603.0000 24603.0000 0.6665 0.1429 0.0952
6042.0000 2677.0000 2963.0000 0.1101 0.1111 0.0122
6042.0000 2677.0000 2964.0000 0.7708 0.1111 0.0856
6042.0000 2963.0000 2963.0000 0.0991 0.1667 0.0165
6042.0000 2963.0000 2964.0000 0.6934 0.1667 0.1156
6042.0000 2963.0000 16283.0000 0.0204 0.1667 0.0034
6042.0000 2964.0000 2963.0000 0.0891 0.2222 0.0198
6042.0000 2964.0000 2964.0000 0.6235 0.2222 0.1386
6042.0000 2964.0000 16283.0000 0.0342 0.2222 0.0076
6042.0000 2964.0000 25132.0000 0.0232 0.2222 0.0052
6042.0000 6109.0000 2963.0000 0.0328 0.1667 0.0055
6042.0000 6109.0000 2964.0000 0.2295 0.1667 0.0382
6042.0000 6109.0000 16283.0000 0.1430 0.1667 0.0238
6042.0000 6110.0000 6110.0000 1.0000 0.0556 0.0556
6042.0000 16241.0000 2963.0000 0.0273 0.2222 0.0061
6042.0000 16241.0000 2964.0000 0.1911 0.2222 0.0425
6042.0000 16241.0000 16283.0000 0.1191 0.2222 0.0265
6042.0000 16241.0000 25132.0000 0.1670 0.2222 0.0371
6042.0000 44750.0000 44750.0000 1.0000 0.0556 0.0556
6025.0000 2843.0000 2843.0000 1.0000 0.0000 0.0000
6075.0000 2677.0000 2677.0000 0.5000 0.3333 0.1667
6075.0000 2677.0000 2683.0000 0.5000 0.3333 0.1667
6075.0000 2683.0000 2683.0000 1.0000 0.1667 0.1667
6075.0000 2964.0000 2964.0000 1.0000 0.1667 0.1667
6075.0000 9541.0000 4315.0000 1.0000 0.1667 0.1667
6075.0000 21771.0000 21771.0000 1.0000 0.1667 0.1667
6034.0000 2611.0000 2611.0000 0.5000 0.2105 0.1053
6034.0000 2611.0000 5566.0000 0.0250 0.2105 0.0053
6034.0000 2611.0000 5569.0000 0.0200 0.2105 0.0042
6034.0000 2611.0000 43084.0000 0.3750 0.2105 0.0789
6034.0000 5507.0000 5507.0000 1.0000 0.0526 0.0526
6034.0000 5536.0000 5592.0000 1.0000 0.0526 0.0526
6034.0000 5566.0000 5566.0000 0.2000 0.1053 0.0211
6034.0000 5566.0000 5569.0000 0.1600 0.1053 0.0168
6034.0000 5569.0000 5569.0000 0.2000 0.0526 0.0105
6034.0000 5602.0000 15772.0000 1.0000 0.0526 0.0526
6034.0000 14830.0000 2691.0000 1.0000 0.0526 0.0526
6034.0000 20369.0000 20369.0000 1.0000 0.0526 0.0526
6034.0000 25447.0000 25447.0000 1.0000 0.0526 0.0526
6034.0000 43083.0000 43083.0000 0.5000 0.0526 0.0263
6034.0000 43084.0000 5566.0000 0.0500 0.1579 0.0079
6034.0000 43084.0000 5569.0000 0.0400 0.1579 0.0063
6034.0000 43084.0000 43084.0000 0.7500 0.1579 0.1184
6034.0000 43085.0000 43085.0000 1.0000 0.0526 0.0526
6034.0000 43245.0000 43245.0000 1.0000 0.0526 0.0526
5965.0000 5354.0000 5354.0000 1.0000 0.3333 0.3333
5965.0000 23851.0000 23851.0000 1.0000 0.3333 0.3333
5965.0000 23883.0000 15131.0000 1.0000 0.3333 0.3333
6026.0000 663.0000 663.0000 1.0000 0.2500 0.2500
6026.0000 10313.0000 1920.0000 1.0000 0.2500 0.2500
6026.0000 12062.0000 12062.0000 1.0000 0.2500 0.2500
6026.0000 29164.0000 29164.0000 1.0000 0.2500 0.2500
6063.0000 562.0000 562.0000 0.6670 0.2500 0.1668
6063.0000 562.0000 739.0000 0.3330 0.2500 0.0833
6063.0000 664.0000 664.0000 1.0000 0.1250 0.1250
6063.0000 739.0000 562.0000 0.3335 0.2500 0.0834
6063.0000 739.0000 739.0000 0.6665 0.2500 0.1666
6063.0000 1460.0000 1460.0000 1.0000 0.1250 0.1250
6063.0000 1537.0000 1537.0000 1.0000 0.1250 0.1250
6063.0000 5998.0000 5998.0000 1.0000 0.1250 0.1250
6000.0000 2957.0000 2957.0000 0.9990 0.3333 0.3330
6000.0000 2964.0000 2964.0000 0.6803 0.3333 0.2268
6000.0000 12963.0000 12963.0000 1.0000 0.3333 0.3333
6043.0000 2843.0000 2843.0000 1.0000 0.1429 0.1429
6043.0000 2845.0000 2845.0000 1.0000 0.1429 0.1429
6043.0000 4700.0000 2843.0000 1.0000 0.1429 0.1429
6043.0000 24075.0000 43033.0000 1.0000 0.1429 0.1429
6043.0000 27904.0000 27904.0000 1.0000 0.1429 0.1429
6043.0000 45025.0000 45025.0000 1.0000 0.1429 0.1429
6043.0000 45137.0000 45137.0000 1.0000 0.1429 0.1429
6031.0000 2677.0000 2677.0000 0.5000 0.5000 0.2500
6031.0000 2677.0000 2964.0000 0.3750 0.5000 0.1875
6031.0000 2677.0000 3112.0000 0.1250 0.5000 0.0625
6031.0000 2964.0000 2964.0000 0.7500 0.3333 0.2500
6031.0000 2964.0000 3112.0000 0.2500 0.3333 0.0833
6031.0000 2970.0000 2970.0000 1.0000 0.1667 0.1667
5977.0000 6013.0000 6013.0000 1.0000 0.0000 0.0000
6017.0000 3136.0000 3136.0000 0.0765 0.1667 0.0127
6017.0000 3136.0000 3137.0000 0.1298 0.1667 0.0216
6017.0000 3137.0000 3136.0000 0.1298 0.1667 0.0216
6017.0000 3137.0000 3137.0000 0.2500 0.1667 0.0417
6017.0000 9230.0000 3136.0000 0.0072 0.3333 0.0024
6017.0000 9230.0000 3137.0000 0.0139 0.3333 0.0046
6017.0000 9230.0000 9230.0000 0.8165 0.3333 0.2722
6017.0000 9230.0000 9588.0000 0.1278 0.3333 0.0426
6017.0000 9588.0000 3136.0000 0.0433 0.3333 0.0144
6017.0000 9588.0000 3137.0000 0.0834 0.3333 0.0278
6017.0000 9588.0000 9230.0000 0.5498 0.3333 0.1833
6017.0000 9588.0000 9588.0000 0.1167 0.3333 0.0389
6094.0000 562.0000 562.0000 0.7427 0.2000 0.1485
6094.0000 562.0000 581.0000 0.0222 0.2000 0.0044
6094.0000 562.0000 1005.0000 0.1239 0.2000 0.0248
6094.0000 562.0000 4588.0000 0.0370 0.2000 0.0074
6094.0000 562.0000 12775.0000 0.0370 0.2000 0.0074
6094.0000 567.0000 562.0000 0.8570 0.0800 0.0686
6094.0000 567.0000 1005.0000 0.1430 0.0800 0.0114
6094.0000 580.0000 562.0000 1.0000 0.0400 0.0400
6094.0000 581.0000 581.0000 0.4439 0.1600 0.0710
6094.0000 581.0000 667.0000 0.3330 0.1600 0.0533
6094.0000 581.0000 4588.0000 0.0740 0.1600 0.0118
6094.0000 581.0000 12775.0000 0.0740 0.1600 0.0118
6094.0000 667.0000 562.0000 1.0000 0.0400 0.0400
6094.0000 670.0000 670.0000 1.0000 0.0400 0.0400
6094.0000 1005.0000 562.0000 0.8570 0.0800 0.0686
6094.0000 1005.0000 1005.0000 0.1430 0.0800 0.0114
6094.0000 4838.0000 562.0000 0.2854 0.2000 0.0571
6094.0000 4838.0000 581.0000 0.1109 0.2000 0.0222
6094.0000 4838.0000 1005.0000 0.0476 0.2000 0.0095
6094.0000 4838.0000 4588.0000 0.1849 0.2000 0.0370
6094.0000 4838.0000 12775.0000 0.1849 0.2000 0.0370
6094.0000 10072.0000 10081.0000 1.0000 0.0400 0.0400
6094.0000 12775.0000 581.0000 0.3330 0.1200 0.0400
6094.0000 12775.0000 4588.0000 0.2221 0.1200 0.0267
6094.0000 12775.0000 12775.0000 0.2221 0.1200 0.0267
5991.0000 564.0000 564.0000 0.7139 0.4000 0.2856
5991.0000 564.0000 2699.0000 0.2861 0.4000 0.1144
5991.0000 2699.0000 564.0000 0.7139 0.4000 0.2856
5991.0000 2699.0000 2699.0000 0.2861 0.4000 0.1144
5991.0000 5229.0000 6777.0000 1.0000 0.2000 0.2000
5962.0000 3718.0000 4070.0000 1.0000 0.3333 0.3333
5962.0000 5814.0000 5814.0000 0.7810 0.3333 0.2603
5962.0000 23298.0000 23298.0000 1.0000 0.3333 0.3333
6079.0000 2971.0000 3026.0000 0.9500 0.3333 0.3167
6079.0000 2971.0000 13342.0000 0.0500 0.3333 0.0167
6079.0000 3026.0000 3026.0000 0.8973 0.3333 0.2991
6079.0000 3026.0000 13342.0000 0.0472 0.3333 0.0157
6079.0000 13342.0000 3026.0000 0.5000 0.3333 0.1667
6079.0000 13342.0000 13342.0000 0.5000 0.3333 0.1667
6027.0000 3519.0000 3519.0000 0.6667 0.3333 0.2222
6027.0000 3519.0000 3574.0000 0.3333 0.3333 0.1111
6027.0000 3572.0000 3572.0000 1.0000 0.1667 0.1667
6027.0000 3574.0000 3519.0000 0.6667 0.3333 0.2222
6027.0000 3574.0000 3574.0000 0.3333 0.3333 0.1111
6027.0000 25092.0000 25092.0000 1.0000 0.1667 0.1667
6067.0000 762.0000 762.0000 0.4026 0.5000 0.2013
6067.0000 762.0000 1187.0000 0.5974 0.5000 0.2987
6067.0000 1187.0000 762.0000 0.3979 0.5000 0.1989
6067.0000 1187.0000 1187.0000 0.6021 0.5000 0.3011
6051.0000 768.0000 768.0000 0.5000 0.2222 0.1111
6051.0000 768.0000 1194.0000 0.5000 0.2222 0.1111
6051.0000 1193.0000 1193.0000 1.0000 0.1111 0.1111
6051.0000 1194.0000 768.0000 0.5000 0.2222 0.1111
6051.0000 1194.0000 1194.0000 0.5000 0.2222 0.1111
6051.0000 3353.0000 3353.0000 1.0000 0.1111 0.1111
6051.0000 5814.0000 5814.0000 0.8600 0.1111 0.0956
6051.0000 5816.0000 5814.0000 0.8600 0.1111 0.0956
6051.0000 5922.0000 5922.0000 1.0000 0.1111 0.1111
6032.0000 2964.0000 2964.0000 1.0000 0.0667 0.0667
6032.0000 5814.0000 5814.0000 0.3330 0.0667 0.0222
6032.0000 6108.0000 6108.0000 0.4998 0.2000 0.1000
6032.0000 6108.0000 6109.0000 0.3335 0.2000 0.0667
6032.0000 6108.0000 6110.0000 0.1668 0.2000 0.0334
6032.0000 6109.0000 6108.0000 0.3332 0.2000 0.0666
6032.0000 6109.0000 6109.0000 0.4446 0.2000 0.0889
6032.0000 6109.0000 6110.0000 0.2223 0.2000 0.0445
6032.0000 9270.0000 5814.0000 0.2221 0.1333 0.0296
6032.0000 9270.0000 6108.0000 0.3330 0.1333 0.0444
6032.0000 25132.0000 6108.0000 0.4998 0.2000 0.1000
6032.0000 25132.0000 6109.0000 0.3335 0.2000 0.0667
6032.0000 25132.0000 6110.0000 0.1668 0.2000 0.0334
6032.0000 42420.0000 42420.0000 1.0000 0.0667 0.0667
6032.0000 42757.0000 42750.0000 1.0000 0.0667 0.0667
6054.0000 3117.0000 3117.0000 0.8959 0.5000 0.4479
6054.0000 3117.0000 3135.0000 0.0174 0.5000 0.0087
6054.0000 5752.0000 3135.0000 0.1670 0.2500 0.0418
6054.0000 5798.0000 5798.0000 1.0000 0.2500 0.2500
6069.0000 4700.0000 2843.0000 0.1459 0.4286 0.0625
6069.0000 4700.0000 4700.0000 0.4063 0.4286 0.1741
6069.0000 4700.0000 9449.0000 0.4478 0.4286 0.1919
6069.0000 9449.0000 2843.0000 0.0903 0.4286 0.0387
6069.0000 9449.0000 4700.0000 0.3229 0.4286 0.1384
6069.0000 9449.0000 9449.0000 0.5868 0.4286 0.2515
6069.0000 10710.0000 2843.0000 0.5000 0.1429 0.0714
5966.0000 762.0000 762.0000 0.5598 0.4286 0.2399
5966.0000 762.0000 1186.0000 0.0359 0.4286 0.0154
5966.0000 762.0000 1188.0000 0.0719 0.4286 0.0308
5966.0000 1188.0000 762.0000 0.2125 0.4286 0.0911
5966.0000 1188.0000 1186.0000 0.2497 0.4286 0.1070
5966.0000 1188.0000 1188.0000 0.5002 0.4286 0.2144
5966.0000 5316.0000 5316.0000 1.0000 0.1429 0.1429
5987.0000 2964.0000 3018.0000 0.1250 0.3750 0.0469
5987.0000 2964.0000 4070.0000 0.0971 0.3750 0.0364
5987.0000 2964.0000 5814.0000 0.0971 0.3750 0.0364
5987.0000 4073.0000 4070.0000 0.0139 0.2500 0.0035
5987.0000 4073.0000 5814.0000 0.8889 0.2500 0.2222
5987.0000 5814.0000 3018.0000 0.0137 0.3750 0.0051
5987.0000 5814.0000 4070.0000 0.0338 0.3750 0.0127
5987.0000 5814.0000 5814.0000 0.7157 0.3750 0.2684
5975.0000 1903.0000 1903.0000 1.0000 0.3333 0.3333
5975.0000 2323.0000 2323.0000 1.0000 0.3333 0.3333
5975.0000 75619.0000 2323.0000 0.5000 0.3333 0.1667
6007.0000 2964.0000 2964.0000 0.7336 0.2500 0.1834
6007.0000 2964.0000 3018.0000 0.2664 0.2500 0.0666
6007.0000 2988.0000 3074.0000 0.5000 0.2500 0.1250
6007.0000 2988.0000 3116.0000 0.5000 0.2500 0.1250
6007.0000 3018.0000 2964.0000 0.2000 0.2500 0.0500
6007.0000 3018.0000 3018.0000 0.8000 0.2500 0.2000
6007.0000 5928.0000 3074.0000 0.5000 0.2500 0.1250
6007.0000 5928.0000 3116.0000 0.5000 0.2500 0.1250
6085.0000 2964.0000 2964.0000 1.0000 0.2500 0.2500
6085.0000 45906.0000 45906.0000 1.0000 0.2500 0.2500
6085.0000 46708.0000 46708.0000 1.0000 0.2500 0.2500
6085.0000 46709.0000 46709.0000 1.0000 0.2500 0.2500
6020.0000 715.0000 715.0000 0.5000 0.0667 0.0333
6020.0000 716.0000 716.0000 0.2500 0.2667 0.0667
6020.0000 716.0000 719.0000 0.1668 0.2667 0.0445
6020.0000 716.0000 721.0000 0.0833 0.2667 0.0222
6020.0000 716.0000 2064.0000 0.5000 0.2667 0.1333
6020.0000 719.0000 716.0000 0.1668 0.2000 0.0334
6020.0000 719.0000 719.0000 0.5558 0.2000 0.1112
6020.0000 719.0000 721.0000 0.2775 0.2000 0.0555
6020.0000 1185.0000 1185.0000 0.5000 0.1333 0.0667
6020.0000 1185.0000 4782.0000 0.5000 0.1333 0.0667
6020.0000 2064.0000 2064.0000 1.0000 0.0667 0.0667
6020.0000 4782.0000 1185.0000 0.5000 0.1333 0.0667
6020.0000 4782.0000 4782.0000 0.5000 0.1333 0.0667
6020.0000 10002.0000 10002.0000 1.0000 0.0667 0.0667
6020.0000 23787.0000 34630.0000 1.0000 0.0667 0.0667
5992.0000 2843.0000 2845.0000 0.1670 0.1111 0.0186
5992.0000 2845.0000 2845.0000 0.2388 0.3333 0.0796
5992.0000 2845.0000 4700.0000 0.2809 0.3333 0.0936
5992.0000 2845.0000 10710.0000 0.0702 0.3333 0.0234
5992.0000 4700.0000 2845.0000 0.2286 0.3333 0.0762
5992.0000 4700.0000 4700.0000 0.5162 0.3333 0.1721
5992.0000 4700.0000 10710.0000 0.1293 0.3333 0.0431
5992.0000 24011.0000 24011.0000 1.0000 0.1111 0.1111
5992.0000 34937.0000 34937.0000 1.0000 0.1111 0.1111
5960.0000 5814.0000 5814.0000 0.9090 0.5000 0.4545
5960.0000 22810.0000 22810.0000 1.0000 0.5000 0.5000
5985.0000 4073.0000 5814.0000 1.0000 0.3333 0.3333
5985.0000 5814.0000 5814.0000 1.0000 0.3333 0.3333
5985.0000 5815.0000 5815.0000 1.0000 0.3333 0.3333
5989.0000 5814.0000 5814.0000 0.7040 0.3333 0.2347
5989.0000 6224.0000 6224.0000 1.0000 0.3333 0.3333
5989.0000 6226.0000 6226.0000 1.0000 0.3333 0.3333
5979.0000 2964.0000 2964.0000 0.7930 0.2000 0.1586
5979.0000 4030.0000 2964.0000 0.7930 0.2000 0.1586
5979.0000 17715.0000 17715.0000 1.0000 0.2000 0.2000
5979.0000 20222.0000 20222.0000 1.0000 0.2000 0.2000
5979.0000 26163.0000 26163.0000 1.0000 0.2000 0.2000
6029.0000 3018.0000 2964.0000 0.0306 0.2000 0.0061
6029.0000 3018.0000 3018.0000 0.3438 0.2000 0.0688
6029.0000 4626.0000 13299.0000 1.0000 0.1000 0.1000
6029.0000 5751.0000 5751.0000 1.0000 0.1000 0.1000
6029.0000 5925.0000 3037.0000 0.5000 0.2000 0.1000
6029.0000 5925.0000 5925.0000 0.5000 0.2000 0.1000
6029.0000 16242.0000 3037.0000 0.5000 0.2000 0.1000
6029.0000 16242.0000 5925.0000 0.5000 0.2000 0.1000
6029.0000 41578.0000 41578.0000 1.0000 0.1000 0.1000
6029.0000 41863.0000 41862.0000 1.0000 0.1000 0.1000
6093.0000 562.0000 562.0000 0.7500 0.3333 0.2500
6093.0000 562.0000 691.0000 0.2500 0.3333 0.0833
6093.0000 570.0000 562.0000 0.7500 0.3333 0.2500
6093.0000 570.0000 691.0000 0.2500 0.3333 0.0833
6093.0000 1695.0000 1695.0000 1.0000 0.1667 0.1667
6093.0000 1919.0000 562.0000 1.0000 0.1667 0.1667
6014.0000 2023.0000 4955.0000 1.0000 0.1667 0.1667
6014.0000 5231.0000 5231.0000 1.0000 0.1667 0.1667
6014.0000 24912.0000 10800.0000 1.0000 0.1667 0.1667
6014.0000 38251.0000 38250.0000 1.0000 0.1667 0.1667
6014.0000 38292.0000 38438.0000 1.0000 0.1667 0.1667
6014.0000 38401.0000 38195.0000 1.0000 0.1667 0.1667
6003.0000 564.0000 2677.0000 0.0770 0.1111 0.0086
6003.0000 2964.0000 2964.0000 0.5001 0.3333 0.1667
6003.0000 2964.0000 2966.0000 0.1668 0.3333 0.0556
6003.0000 2964.0000 3024.0000 0.0833 0.3333 0.0278
6003.0000 2966.0000 2966.0000 0.6670 0.2222 0.1482
6003.0000 2966.0000 3024.0000 0.3330 0.2222 0.0740
6003.0000 2993.0000 2993.0000 1.0000 0.1111 0.1111
6003.0000 6163.0000 6163.0000 1.0000 0.1111 0.1111
6003.0000 9175.0000 12979.0000 1.0000 0.1111 0.1111
6087.0000 2677.0000 2677.0000 0.5188 0.3333 0.1729
6087.0000 2963.0000 2963.0000 0.5000 0.3333 0.1667
6087.0000 2964.0000 2963.0000 0.5000 0.3333 0.1667
6073.0000 2964.0000 2964.0000 0.5598 0.3333 0.1866
6073.0000 2964.0000 3112.0000 0.0889 0.3333 0.0296
6073.0000 2964.0000 3121.0000 0.2068 0.3333 0.0689
6073.0000 3112.0000 2964.0000 0.2799 0.3333 0.0933
6073.0000 3112.0000 3112.0000 0.5444 0.3333 0.1815
6073.0000 3112.0000 3121.0000 0.1034 0.3333 0.0345
6073.0000 3121.0000 2964.0000 0.1600 0.3333 0.0533
6073.0000 3121.0000 3112.0000 0.2000 0.3333 0.0667
6073.0000 3121.0000 3121.0000 0.4402 0.3333 0.1467
6024.0000 562.0000 562.0000 0.6500 0.1875 0.1219
6024.0000 562.0000 564.0000 0.1500 0.1875 0.0281
6024.0000 562.0000 1201.0000 0.0400 0.1875 0.0075
6024.0000 688.0000 688.0000 1.0000 0.0625 0.0625
6024.0000 1182.0000 758.0000 1.0000 0.0625 0.0625
6024.0000 1201.0000 1201.0000 0.2887 0.1250 0.0361
6024.0000 1201.0000 3227.0000 0.5181 0.1250 0.0648
6024.0000 3212.0000 562.0000 0.1176 0.2500 0.0294
6024.0000 3212.0000 564.0000 0.1176 0.2500 0.0294
6024.0000 3212.0000 1201.0000 0.1707 0.2500 0.0427
6024.0000 3212.0000 3227.0000 0.0770 0.2500 0.0192
6024.0000 3227.0000 562.0000 0.0374 0.2500 0.0093
6024.0000 3227.0000 564.0000 0.0374 0.2500 0.0093
6024.0000 3227.0000 1201.0000 0.2590 0.2500 0.0647
6024.0000 3227.0000 3227.0000 0.3651 0.2500 0.0913
6024.0000 10313.0000 10313.0000 1.0000 0.0625 0.0625
5963.0000 784.0000 784.0000 0.5000 0.3333 0.1667
5963.0000 784.0000 1679.0000 0.0455 0.3333 0.0152
5963.0000 784.0000 4984.0000 0.1817 0.3333 0.0606
5963.0000 784.0000 5941.0000 0.0227 0.3333 0.0076
5963.0000 1679.0000 1679.0000 0.2351 0.2500 0.0588
5963.0000 1679.0000 4984.0000 0.6474 0.2500 0.1619
5963.0000 1679.0000 5941.0000 0.0810 0.2500 0.0203
5963.0000 3531.0000 3531.0000 1.0000 0.0833 0.0833
5963.0000 3729.0000 3738.0000 1.0000 0.0833 0.0833
5963.0000 4984.0000 1679.0000 0.2441 0.2500 0.0610
5963.0000 4984.0000 4984.0000 0.6339 0.2500 0.1585
5963.0000 4984.0000 5941.0000 0.0793 0.2500 0.0198
6041.0000 16687.0000 3576.0000 0.5000 0.2857 0.1429
6041.0000 16687.0000 16687.0000 0.5000 0.2857 0.1429
6041.0000 20881.0000 20881.0000 1.0000 0.1429 0.1429
6041.0000 20899.0000 20899.0000 0.5000 0.2857 0.1429
6041.0000 20899.0000 36430.0000 0.5000 0.2857 0.1429
6041.0000 36430.0000 36430.0000 1.0000 0.1429 0.1429
6041.0000 36431.0000 36431.0000 1.0000 0.1429 0.1429
5967.0000 6020.0000 6020.0000 0.8803 0.4000 0.3521
5967.0000 6020.0000 23883.0000 0.0416 0.4000 0.0167
5967.0000 23883.0000 6020.0000 0.1250 0.4000 0.0500
5967.0000 23883.0000 23883.0000 0.7500 0.4000 0.3000
5967.0000 24584.0000 12253.0000 1.0000 0.2000 0.2000
5982.0000 3116.0000 3116.0000 0.8933 0.3333 0.2978
5982.0000 3117.0000 3116.0000 0.3554 0.6667 0.2370
5982.0000 3117.0000 3117.0000 0.3330 0.6667 0.2220
6061.0000 2964.0000 2964.0000 1.0000 0.2000 0.2000
6061.0000 3017.0000 3017.0000 1.0000 0.2000 0.2000
6061.0000 3018.0000 3018.0000 1.0000 0.2000 0.2000
6061.0000 45691.0000 45691.0000 1.0000 0.2000 0.2000
6061.0000 45776.0000 45772.0000 1.0000 0.2000 0.2000
6059.0000 2963.0000 2963.0000 0.7500 0.5000 0.3750
6059.0000 2963.0000 2964.0000 0.2500 0.5000 0.1250
6059.0000 2964.0000 2963.0000 0.2497 0.5000 0.1249
6059.0000 2964.0000 2964.0000 0.7502 0.5000 0.3751
6057.0000 2677.0000 2677.0000 1.0000 0.1111 0.1111
6057.0000 2964.0000 2964.0000 1.0000 0.1111 0.1111
6057.0000 3017.0000 3017.0000 1.0000 0.1111 0.1111
6057.0000 3116.0000 3113.0000 1.0000 0.1111 0.1111
6057.0000 3117.0000 3117.0000 0.7728 0.2222 0.1717
6057.0000 3117.0000 8034.0000 0.0207 0.2222 0.0046
6057.0000 5798.0000 5798.0000 1.0000 0.1111 0.1111
6057.0000 8034.0000 3117.0000 0.0414 0.2222 0.0092
6057.0000 8034.0000 8034.0000 0.3352 0.2222 0.0745
6076.0000 2964.0000 2964.0000 1.0000 0.1250 0.1250
6076.0000 2989.0000 3034.0000 0.0286 0.3750 0.0107
6076.0000 2989.0000 5908.0000 0.1429 0.3750 0.0536
6076.0000 2989.0000 16326.0000 0.4569 0.3750 0.1714
6076.0000 3087.0000 3087.0000 1.0000 0.1250 0.1250
6076.0000 16326.0000 3034.0000 0.1267 0.3750 0.0475
6076.0000 16326.0000 5908.0000 0.0613 0.3750 0.0230
6076.0000 16326.0000 16326.0000 0.5954 0.3750 0.2233
6074.0000 2964.0000 2964.0000 1.0000 0.3333 0.3333
6074.0000 5925.0000 3024.0000 0.2500 0.6667 0.1667
6074.0000 5925.0000 5925.0000 0.7500 0.6667 0.5000
6028.0000 2992.0000 2992.0000 1.0000 0.2000 0.2000
6028.0000 4141.0000 4141.0000 1.0000 0.2000 0.2000
6028.0000 5928.0000 5928.0000 0.3183 0.2000 0.0637
6028.0000 6112.0000 6112.0000 1.0000 0.2000 0.2000
6028.0000 25417.0000 12916.0000 1.0000 0.2000 0.2000
6005.0000 562.0000 562.0000 0.5000 0.2857 0.1429
6005.0000 562.0000 564.0000 0.5000 0.2857 0.1429
6005.0000 564.0000 562.0000 0.5000 0.2857 0.1429
6005.0000 564.0000 564.0000 0.5000 0.2857 0.1429
6005.0000 742.0000 742.0000 1.0000 0.1429 0.1429
6005.0000 1843.0000 1843.0000 1.0000 0.1429 0.1429
6005.0000 37688.0000 37688.0000 1.0000 0.1429 0.1429
5993.0000 2964.0000 2964.0000 0.5737 0.3333 0.1912
5993.0000 2964.0000 3121.0000 0.0476 0.3333 0.0159
5993.0000 2964.0000 15643.0000 0.0256 0.3333 0.0085
5993.0000 2964.0000 16240.0000 0.0182 0.3333 0.0061
5993.0000 2965.0000 2965.0000 1.0000 0.0833 0.0833
5993.0000 3121.0000 2964.0000 0.5386 0.3333 0.1795
5993.0000 3121.0000 3121.0000 0.2380 0.3333 0.0793
5993.0000 3121.0000 15643.0000 0.0154 0.3333 0.0051
5993.0000 3121.0000 16240.0000 0.0061 0.3333 0.0020
5993.0000 16243.0000 2964.0000 0.1161 0.2500 0.0290
5993.0000 16243.0000 15643.0000 0.0576 0.2500 0.0144
5993.0000 16243.0000 16240.0000 0.0710 0.2500 0.0177
6035.0000 4536.0000 4536.0000 0.3330 0.1875 0.0624
6035.0000 4536.0000 25527.0000 0.5618 0.1875 0.1053
6035.0000 4536.0000 39184.0000 0.0416 0.1875 0.0078
6035.0000 5575.0000 5570.0000 1.0000 0.0625 0.0625
6035.0000 5659.0000 5659.0000 1.0000 0.0625 0.0625
6035.0000 5844.0000 4536.0000 0.3330 0.1875 0.0624
6035.0000 5844.0000 25527.0000 0.5618 0.1875 0.1053
6035.0000 5844.0000 39184.0000 0.0416 0.1875 0.0078
6035.0000 14932.0000 14932.0000 1.0000 0.0625 0.0625
6035.0000 25527.0000 25527.0000 0.6872 0.1250 0.0859
6035.0000 25527.0000 39184.0000 0.1250 0.1250 0.0156
6035.0000 35106.0000 4536.0000 0.3330 0.1875 0.0624
6035.0000 35106.0000 25527.0000 0.5618 0.1875 0.1053
6035.0000 35106.0000 39184.0000 0.0416 0.1875 0.0078
6035.0000 39184.0000 25527.0000 0.1374 0.1250 0.0172
6035.0000 39184.0000 39184.0000 0.8250 0.1250 0.1031
6038.0000 568.0000 739.0000 1.0000 0.1429 0.1429
6038.0000 703.0000 1211.0000 0.2500 0.2857 0.0714
6038.0000 703.0000 43436.0000 0.3747 0.2857 0.1071
6038.0000 2024.0000 6765.0000 1.0000 0.1429 0.1429
6038.0000 4950.0000 17270.0000 1.0000 0.1429 0.1429
6038.0000 29555.0000 29555.0000 1.0000 0.1429 0.1429
6038.0000 43436.0000 43436.0000 0.8333 0.1429 0.1190
6036.0000 5570.0000 5570.0000 1.0000 0.3333 0.3333
6036.0000 5575.0000 5570.0000 1.0000 0.3333 0.3333
6036.0000 14932.0000 14932.0000 1.0000 0.3333 0.3333
6016.0000 2965.0000 5748.0000 1.0000 0.0909 0.0909
6016.0000 3017.0000 5758.0000 1.0000 0.0909 0.0909
6016.0000 3037.0000 3032.0000 0.5000 0.1818 0.0909
6016.0000 3037.0000 3132.0000 0.5000 0.1818 0.0909
6016.0000 5757.0000 5757.0000 1.0000 0.0909 0.0909
6016.0000 12963.0000 15837.0000 1.0000 0.0909 0.0909
6016.0000 17749.0000 3067.0000 0.3330 0.1818 0.0605
6016.0000 17749.0000 17749.0000 0.6670 0.1818 0.1213
6016.0000 53589.0000 17749.0000 0.5000 0.1818 0.0909
6016.0000 53589.0000 53589.0000 0.5000 0.1818 0.0909
6016.0000 62624.0000 62624.0000 1.0000 0.0909 0.0909
5986.0000 1192.0000 1192.0000 0.6355 0.5000 0.3177
5986.0000 1192.0000 3353.0000 0.3645 0.5000 0.1823
5986.0000 3353.0000 1192.0000 0.3492 0.5000 0.1746
5986.0000 3353.0000 3353.0000 0.6508 0.5000 0.3254
6010.0000 2964.0000 2964.0000 0.8750 0.4000 0.3500
6010.0000 2964.0000 4030.0000 0.1250 0.4000 0.0500
6010.0000 4030.0000 2964.0000 0.8750 0.4000 0.3500
6010.0000 4030.0000 4030.0000 0.1250 0.4000 0.0500
6010.0000 20222.0000 20222.0000 1.0000 0.2000 0.2000
5980.0000 2843.0000 2843.0000 1.0000 0.1111 0.1111
5980.0000 2964.0000 2964.0000 0.6083 0.2222 0.1352
5980.0000 2964.0000 4000.0000 0.0232 0.2222 0.0052
5980.0000 4700.0000 2843.0000 0.1670 0.3333 0.0557
5980.0000 4700.0000 2964.0000 0.3335 0.3333 0.1112
5980.0000 4700.0000 4000.0000 0.1159 0.3333 0.0386
5980.0000 17669.0000 2964.0000 0.3504 0.2222 0.0779
5980.0000 17669.0000 4000.0000 0.1670 0.2222 0.0371
5980.0000 20222.0000 20222.0000 1.0000 0.1111 0.1111
5961.0000 5814.0000 5814.0000 0.8463 1.0000 0.8463
5961.0000 5814.0000 5815.0000 0.0833 1.0000 0.0833
5995.0000 562.0000 562.0000 0.3726 0.2727 0.1016
5995.0000 562.0000 564.0000 0.0877 0.2727 0.0239
5995.0000 562.0000 2699.0000 0.0877 0.2727 0.0239
5995.0000 564.0000 562.0000 0.2742 0.2727 0.0748
5995.0000 564.0000 564.0000 0.1899 0.2727 0.0518
5995.0000 564.0000 2699.0000 0.1899 0.2727 0.0518
5995.0000 676.0000 675.0000 1.0000 0.0909 0.0909
5995.0000 2699.0000 562.0000 0.2742 0.2727 0.0748
5995.0000 2699.0000 564.0000 0.1899 0.2727 0.0518
5995.0000 2699.0000 2699.0000 0.1899 0.2727 0.0518
5995.0000 35470.0000 35470.0000 1.0000 0.0909 0.0909
6086.0000 2963.0000 2963.0000 0.6709 0.2500 0.1677
6086.0000 2963.0000 2964.0000 0.0517 0.2500 0.0129
6086.0000 2964.0000 2963.0000 0.1508 0.2500 0.0377
6086.0000 2964.0000 2964.0000 0.8123 0.2500 0.2031
6086.0000 17830.0000 17830.0000 1.0000 0.1250 0.1250
6086.0000 53530.0000 53531.0000 1.0000 0.1250 0.1250
6086.0000 61774.0000 2963.0000 0.0119 0.2500 0.0030
6086.0000 61774.0000 2964.0000 0.1551 0.2500 0.0388
6060.0000 3117.0000 3117.0000 0.7299 0.5000 0.3649
6060.0000 5798.0000 5798.0000 1.0000 0.5000 0.5000
6056.0000 5390.0000 5390.0000 0.1430 0.5000 0.0715
6056.0000 45483.0000 45483.0000 1.0000 0.5000 0.5000
6040.0000 3109.0000 3109.0000 1.0000 0.2500 0.2500
6040.0000 3136.0000 3136.0000 1.0000 0.2500 0.2500
6040.0000 5750.0000 3109.0000 1.0000 0.2500 0.2500
6040.0000 22760.0000 5759.0000 1.0000 0.2500 0.2500
5964.0000 562.0000 562.0000 0.5000 0.2500 0.1250
5964.0000 562.0000 564.0000 0.2953 0.2500 0.0738
5964.0000 562.0000 5841.0000 0.2047 0.2500 0.0512
5964.0000 563.0000 564.0000 0.4348 0.1667 0.0725
5964.0000 563.0000 5841.0000 0.4237 0.1667 0.0706
5964.0000 564.0000 564.0000 0.4773 0.1667 0.0795
5964.0000 564.0000 5841.0000 0.4247 0.1667 0.0708
5964.0000 566.0000 562.0000 0.5000 0.2500 0.1250
5964.0000 566.0000 564.0000 0.2953 0.2500 0.0738
5964.0000 566.0000 5841.0000 0.2047 0.2500 0.0512
5964.0000 5841.0000 564.0000 0.4513 0.1667 0.0752
5964.0000 5841.0000 5841.0000 0.4241 0.1667 0.0707
6053.0000 2677.0000 2677.0000 0.0905 0.1250 0.0113
6053.0000 2964.0000 2677.0000 0.0905 0.1250 0.0113
6053.0000 3017.0000 3017.0000 0.5000 0.2500 0.1250
6053.0000 3017.0000 5754.0000 0.5000 0.2500 0.1250
6053.0000 4569.0000 4569.0000 1.0000 0.1250 0.1250
6053.0000 53531.0000 53531.0000 1.0000 0.1250 0.1250
6053.0000 53534.0000 53534.0000 1.0000 0.1250 0.1250
6053.0000 53579.0000 53579.0000 1.0000 0.1250 0.1250
6039.0000 2669.0000 2669.0000 1.0000 0.2500 0.2500
6039.0000 2964.0000 2964.0000 1.0000 0.2500 0.2500
6039.0000 3112.0000 3112.0000 0.1670 0.2500 0.0418
6039.0000 3113.0000 3113.0000 1.0000 0.2500 0.2500
6001.0000 2988.0000 2988.0000 0.6808 0.1818 0.1238
6001.0000 2988.0000 22788.0000 0.0209 0.1818 0.0038
6001.0000 2991.0000 2988.0000 0.7228 0.0909 0.0657
6001.0000 3124.0000 2988.0000 0.9000 0.0909 0.0818
6001.0000 12916.0000 22788.0000 1.0000 0.0909 0.0909
6001.0000 22788.0000 2988.0000 0.3869 0.1818 0.0703
6001.0000 22788.0000 22788.0000 0.1670 0.1818 0.0304
6001.0000 40968.0000 40971.0000 1.0000 0.0909 0.0909
6001.0000 41039.0000 12313.0000 1.0000 0.0909 0.0909
6001.0000 41042.0000 21079.0000 1.0000 0.0909 0.0909
6001.0000 41230.0000 41230.0000 1.0000 0.0909 0.0909
6070.0000 6411.0000 6411.0000 1.0000 0.1429 0.1429
6070.0000 15819.0000 15819.0000 1.0000 0.1429 0.1429
6070.0000 22374.0000 22374.0000 1.0000 0.1429 0.1429
6070.0000 22377.0000 22377.0000 1.0000 0.1429 0.1429
6070.0000 22389.0000 22389.0000 0.2500 0.1429 0.0357
6070.0000 22392.0000 22392.0000 1.0000 0.1429 0.1429
6070.0000 46374.0000 17879.0000 1.0000 0.1429 0.1429
6090.0000 3112.0000 2963.0000 0.1226 0.3333 0.0409
6090.0000 3112.0000 3112.0000 0.6329 0.3333 0.2110
6090.0000 3112.0000 3157.0000 0.0189 0.3333 0.0063
6090.0000 5889.0000 4043.0000 1.0000 0.1111 0.1111
6090.0000 15856.0000 3157.0000 0.0770 0.1111 0.0086
6090.0000 53530.0000 53530.0000 0.5000 0.2222 0.1111
6090.0000 53530.0000 53531.0000 0.5000 0.2222 0.1111
6090.0000 53531.0000 53530.0000 0.5000 0.2222 0.1111
6090.0000 53531.0000 53531.0000 0.5000 0.2222 0.1111
6066.0000 5827.0000 5827.0000 0.6743 0.3333 0.2248
6066.0000 6132.0000 4066.0000 0.2499 0.6667 0.1666
6066.0000 6132.0000 6132.0000 0.7501 0.6667 0.5001
5988.0000 768.0000 768.0000 0.6800 0.2500 0.1700
5988.0000 768.0000 1193.0000 0.0400 0.2500 0.0100
5988.0000 768.0000 1194.0000 0.2800 0.2500 0.0700
5988.0000 1193.0000 1193.0000 0.5000 0.1667 0.0833
5988.0000 1193.0000 1194.0000 0.5000 0.1667 0.0833
5988.0000 1194.0000 768.0000 0.2000 0.2500 0.0500
5988.0000 1194.0000 1193.0000 0.1000 0.2500 0.0250
5988.0000 1194.0000 1194.0000 0.7000 0.2500 0.1750
5988.0000 1195.0000 768.0000 0.2000 0.2500 0.0500
5988.0000 1195.0000 1193.0000 0.1000 0.2500 0.0250
5988.0000 1195.0000 1194.0000 0.7000 0.2500 0.1750
5988.0000 2097.0000 2097.0000 1.0000 0.0833 0.0833
6082.0000 2964.0000 2964.0000 1.0000 0.1667 0.1667
6082.0000 2989.0000 2989.0000 1.0000 0.1667 0.1667
6082.0000 3006.0000 3006.0000 0.6670 0.3333 0.2223
6082.0000 3006.0000 3007.0000 0.3330 0.3333 0.1110
6082.0000 28202.0000 28202.0000 1.0000 0.1667 0.1667
6082.0000 40585.0000 40585.0000 1.0000 0.1667 0.1667
6004.0000 1472.0000 1472.0000 0.8000 0.2222 0.1778
6004.0000 1472.0000 7091.0000 0.0400 0.2222 0.0089
6004.0000 5140.0000 710.0000 0.5000 0.2222 0.1111
6004.0000 5140.0000 5140.0000 0.5000 0.2222 0.1111
6004.0000 7091.0000 7091.0000 0.2000 0.1111 0.0222
6004.0000 9703.0000 1472.0000 0.1600 0.3333 0.0533
6004.0000 9703.0000 7091.0000 0.1280 0.3333 0.0427
6004.0000 9703.0000 9129.0000 0.2000 0.3333 0.0667
6004.0000 36791.0000 36791.0000 1.0000 0.1111 0.1111
5972.0000 671.0000 671.0000 0.5000 0.1667 0.0833
5972.0000 671.0000 690.0000 0.1183 0.1667 0.0197
5972.0000 688.0000 688.0000 1.0000 0.0833 0.0833
5972.0000 690.0000 671.0000 0.5000 0.1667 0.0833
5972.0000 690.0000 690.0000 0.1183 0.1667 0.0197
5972.0000 1463.0000 669.0000 0.5000 0.1667 0.0833
5972.0000 1463.0000 690.0000 0.5000 0.1667 0.0833
5972.0000 1733.0000 669.0000 0.5000 0.1667 0.0833
5972.0000 1733.0000 690.0000 0.5000 0.1667 0.0833
5972.0000 3728.0000 671.0000 0.5000 0.1667 0.0833
5972.0000 3728.0000 690.0000 0.1183 0.1667 0.0197
5972.0000 3729.0000 3729.0000 1.0000 0.0833 0.0833
6002.0000 2964.0000 2964.0000 1.0000 0.5000 0.5000
6002.0000 2965.0000 2965.0000 0.6670 0.5000 0.3335
6033.0000 2843.0000 2843.0000 1.0000 0.1667 0.1667
6033.0000 16611.0000 24076.0000 1.0000 0.1667 0.1667
6033.0000 42973.0000 42973.0000 0.4618 0.3333 0.1539
6033.0000 42973.0000 42974.0000 0.1177 0.3333 0.0392
6033.0000 42974.0000 42973.0000 0.4525 0.3333 0.1508
6033.0000 42974.0000 42974.0000 0.1151 0.3333 0.0384
5970.0000 5814.0000 2062.0000 0.0412 0.6250 0.0257
5970.0000 5814.0000 4070.0000 0.1428 0.6250 0.0893
5970.0000 5814.0000 4071.0000 0.0514 0.6250 0.0322
5970.0000 5814.0000 5814.0000 0.5999 0.6250 0.3750
5970.0000 5814.0000 5815.0000 0.0412 0.6250 0.0257
5970.0000 5815.0000 2062.0000 0.0250 0.2500 0.0063
5970.0000 5815.0000 5815.0000 0.9000 0.2500 0.2250
5970.0000 5887.0000 5893.0000 1.0000 0.1250 0.1250
5990.0000 621.0000 624.0000 1.0000 0.0714 0.0714
5990.0000 768.0000 768.0000 0.2174 0.2143 0.0466
5990.0000 768.0000 1192.0000 0.0926 0.2143 0.0198
5990.0000 768.0000 1195.0000 0.4376 0.2143 0.0938
5990.0000 1194.0000 768.0000 0.3075 0.2143 0.0659
5990.0000 1194.0000 1192.0000 0.2779 0.2143 0.0595
5990.0000 1194.0000 1195.0000 0.2397 0.2143 0.0514
5990.0000 1195.0000 768.0000 0.1023 0.2143 0.0219
5990.0000 1195.0000 1192.0000 0.1668 0.2143 0.0357
5990.0000 1195.0000 1195.0000 0.5210 0.2143 0.1116
5990.0000 3350.0000 768.0000 0.1700 0.2857 0.0486
5990.0000 3350.0000 1192.0000 0.2501 0.2857 0.0715
5990.0000 3350.0000 1195.0000 0.0417 0.2857 0.0119
5990.0000 3350.0000 3350.0000 0.5000 0.2857 0.1429
5969.0000 762.0000 762.0000 0.3080 0.2727 0.0840
5969.0000 762.0000 1188.0000 0.4008 0.2727 0.1093
5969.0000 762.0000 6029.0000 0.0416 0.2727 0.0114
5969.0000 1188.0000 762.0000 0.3191 0.2727 0.0870
5969.0000 1188.0000 1188.0000 0.5586 0.2727 0.1523
5969.0000 1188.0000 6029.0000 0.0175 0.2727 0.0048
5969.0000 3687.0000 3687.0000 1.0000 0.0909 0.0909
5969.0000 6025.0000 6025.0000 0.7499 0.1818 0.1363
5969.0000 6025.0000 6029.0000 0.0179 0.1818 0.0032
5969.0000 6031.0000 6025.0000 0.7499 0.1818 0.1363
5969.0000 6031.0000 6029.0000 0.0179 0.1818 0.0032
6077.0000 2964.0000 2964.0000 0.7588 0.3333 0.2529
6077.0000 2964.0000 3112.0000 0.1787 0.3333 0.0596
6077.0000 3088.0000 2964.0000 0.4642 0.3333 0.1547
6077.0000 3088.0000 3112.0000 0.2858 0.3333 0.0953
6077.0000 3113.0000 3113.0000 1.0000 0.1667 0.1667
6077.0000 5768.0000 5757.0000 1.0000 0.1667 0.1667
6068.0000 2965.0000 2965.0000 0.3941 0.2500 0.0985
6068.0000 2966.0000 2965.0000 0.7107 0.2500 0.1777
6068.0000 4513.0000 4513.0000 1.0000 0.2500 0.2500
6068.0000 5925.0000 5925.0000 1.0000 0.2500 0.2500
6023.0000 9011.0000 25527.0000 0.0900 0.1538 0.0138
6023.0000 9011.0000 39184.0000 0.1000 0.1538 0.0154
6023.0000 15331.0000 15331.0000 1.0000 0.0769 0.0769
6023.0000 25527.0000 25527.0000 0.6496 0.2308 0.1499
6023.0000 25527.0000 39183.0000 0.0250 0.2308 0.0058
6023.0000 25527.0000 39184.0000 0.0256 0.2308 0.0059
6023.0000 39183.0000 25527.0000 0.2088 0.2308 0.0482
6023.0000 39183.0000 39183.0000 0.0916 0.2308 0.0211
6023.0000 39183.0000 39184.0000 0.0746 0.2308 0.0172
6023.0000 39184.0000 25527.0000 0.4807 0.1538 0.0739
6023.0000 39184.0000 39184.0000 0.0500 0.1538 0.0077
6023.0000 39231.0000 39231.0000 1.0000 0.0769 0.0769
6023.0000 39238.0000 39238.0000 1.0000 0.0769 0.0769
5968.0000 669.0000 667.0000 1.0000 0.1429 0.1429
5968.0000 2157.0000 2153.0000 1.0000 0.1429 0.1429
5968.0000 2892.0000 2892.0000 1.0000 0.1429 0.1429
5968.0000 4867.0000 9630.0000 0.0220 0.1429 0.0031
5968.0000 6041.0000 6041.0000 1.0000 0.1429 0.1429
5968.0000 9787.0000 9787.0000 1.0000 0.1429 0.1429
5968.0000 10008.0000 10008.0000 1.0000 0.1429 0.1429
6072.0000 568.0000 693.0000 1.0000 0.0769 0.0769
6072.0000 671.0000 672.0000 0.3330 0.1538 0.0512
6072.0000 671.0000 673.0000 0.6670 0.1538 0.1026
6072.0000 672.0000 672.0000 0.3330 0.1538 0.0512
6072.0000 672.0000 673.0000 0.6670 0.1538 0.1026
6072.0000 673.0000 672.0000 0.3330 0.1538 0.0512
6072.0000 673.0000 673.0000 0.6670 0.1538 0.1026
6072.0000 1209.0000 1209.0000 1.0000 0.0769 0.0769
6072.0000 1733.0000 1733.0000 0.7525 0.1538 0.1158
6072.0000 1733.0000 1734.0000 0.1266 0.1538 0.0195
6072.0000 9736.0000 1687.0000 1.0000 0.0769 0.0769
6072.0000 9782.0000 667.0000 0.5000 0.1538 0.0769
6072.0000 9782.0000 9782.0000 0.5000 0.1538 0.0769
6058.0000 672.0000 671.0000 0.1800 0.3333 0.0600
6058.0000 672.0000 672.0000 0.7200 0.3333 0.2400
6058.0000 672.0000 10407.0000 0.0500 0.3333 0.0167
6058.0000 672.0000 10861.0000 0.0500 0.3333 0.0167
6058.0000 674.0000 671.0000 0.0500 0.3333 0.0167
6058.0000 674.0000 672.0000 0.2000 0.3333 0.0667
6058.0000 674.0000 10407.0000 0.3748 0.3333 0.1249
6058.0000 674.0000 10861.0000 0.3752 0.3333 0.1251
6058.0000 1208.0000 1204.0000 1.0000 0.0833 0.0833
6058.0000 10861.0000 10407.0000 0.4998 0.1667 0.0833
6058.0000 10861.0000 10861.0000 0.5002 0.1667 0.0834
6058.0000 45548.0000 45548.0000 1.0000 0.0833 0.0833
