1537.0000 1.0000 12.5000 -0.9031
25132.0000 1.0000 0.0193 -3.7144
15837.0000 1.0000 9.0900 -1.0414
46708.0000 1.0000 25.0000 -0.6021
12775.0000 1.0000 0.0000 -6.7271
6029.0000 1.0000 0.0000 -6.9955
2892.0000 1.0000 14.2900 -0.8450
23883.0000 1.0000 0.5010 -2.3002
13299.0000 1.0000 10.0000 -1.0000
14664.0000 1.0000 11.1100 -0.9543
34630.0000 1.0000 6.6700 -1.1759
27904.0000 1.0000 14.2900 -0.8450
38195.0000 1.0000 16.6700 -0.7781
39231.0000 1.0000 7.6900 -1.1141
29164.0000 1.0000 25.0000 -0.6021
45906.0000 1.0000 25.0000 -0.6021
17749.0000 1.0000 1.1026 -1.9576
37688.0000 1.0000 14.2900 -0.8450
17750.0000 1.0000 16.6700 -0.7781
53579.0000 1.0000 12.5000 -0.9031
29555.0000 1.0000 14.2900 -0.8450
12146.0000 1.0000 14.2900 -0.8450
16240.0000 1.0000 0.0000 -6.4980
1903.0000 1.0000 33.3300 -0.4772
5998.0000 1.0000 12.5000 -0.9031
12263.0000 1.0000 14.2900 -0.8450
12253.0000 1.0000 20.0000 -0.6990
22377.0000 1.0000 14.2900 -0.8450
20369.0000 1.0000 5.2600 -1.2790
17879.0000 1.0000 14.2900 -0.8450
4838.0000 1.0000 14.2900 -0.8450
8034.0000 1.0000 0.0343 -3.4649
10081.0000 1.0000 4.0000 -1.3979
24613.0000 1.0000 8.3300 -1.0794
4955.0000 1.0000 16.6700 -0.7781
6051.0000 1.0000 9.0900 -1.0414
9588.0000 1.0000 0.1657 -2.7806
5941.0000 1.0000 0.0003 -5.5009
12916.0000 1.0000 20.0000 -0.6990
24603.0000 1.0000 9.5200 -1.0214
15131.0000 1.0000 33.3300 -0.4772
45137.0000 1.0000 14.2900 -0.8450
5893.0000 1.0000 12.5000 -0.9031
22788.0000 1.0000 0.0011 -4.9745
42283.0000 1.0000 12.5000 -0.9031
23298.0000 1.0000 33.3300 -0.4772
3067.0000 1.0000 6.0500 -1.2182
5332.0000 1.0000 11.1100 -0.9543
5566.0000 1.0000 0.0001 -6.0063
758.0000 1.0000 6.2500 -1.2041
43245.0000 1.0000 5.2600 -1.2790
5354.0000 1.0000 33.3300 -0.4772
9449.0000 1.0000 4.8263 -1.3164
5841.0000 1.0000 0.0001 -5.9864
6411.0000 1.0000 14.2900 -0.8450
1843.0000 1.0000 14.2900 -0.8450
5390.0000 1.0000 7.1500 -1.1457
784.0000 1.0000 16.6700 -0.7781
6109.0000 1.0000 0.0396 -3.4027
45691.0000 1.0000 20.0000 -0.6990
23851.0000 1.0000 33.3300 -0.4772
42973.0000 1.0000 2.3208 -1.6344
5928.0000 1.0000 6.3700 -1.1959
5926.0000 1.0000 25.0000 -0.6021
8411.0000 1.0000 12.5000 -0.9031
12062.0000 1.0000 25.0000 -0.6021
22810.0000 1.0000 50.0000 -0.3010
10008.0000 1.0000 14.2900 -0.8450
3350.0000 1.0000 14.2900 -0.8450
5908.0000 1.0000 0.1233 -2.9091
2323.0000 1.0000 5.5561 -1.2552
10002.0000 1.0000 6.6700 -1.1759
5592.0000 1.0000 5.2600 -1.2790
4141.0000 1.0000 20.0000 -0.6990
742.0000 1.0000 14.2900 -0.8450
22389.0000 1.0000 3.5700 -1.4473
4984.0000 1.0000 0.1555 -2.8082
3032.0000 1.0000 9.0900 -1.0414
9687.0000 1.0000 0.0336 -3.4735
10710.0000 1.0000 0.1009 -2.9963
1187.0000 1.0000 8.9939 -1.0461
6094.0000 1.0000 0.1516 -2.8192
6092.0000 1.0000 0.2084 -2.6812
3531.0000 1.0000 8.3300 -1.0794
1185.0000 1.0000 0.4449 -2.3517
16326.0000 1.0000 3.8274 -1.4171
25992.0000 1.0000 10.0000 -1.0000
43083.0000 1.0000 2.6300 -1.5800
5569.0000 1.0000 0.0000 -6.9784
1472.0000 1.0000 0.9477 -2.0233
3007.0000 1.0000 11.1000 -0.9547
4029.0000 1.0000 33.3300 -0.4772
4569.0000 1.0000 12.5000 -0.9031
6076.0000 1.0000 10.0000 -1.0000
3034.0000 1.0000 0.0508 -3.2938
3037.0000 1.0000 1.0000 -2.0000
3576.0000 1.0000 14.2900 -0.8450
3574.0000 1.0000 1.2343 -1.9086
36791.0000 1.0000 11.1100 -0.9543
3572.0000 1.0000 16.6700 -0.7781
2035.0000 1.0000 9.0900 -1.0414
25532.0000 1.0000 0.5134 -2.2895
12963.0000 1.0000 33.3300 -0.4772
1005.0000 1.0000 0.0000 -6.8757
4588.0000 1.0000 0.0000 -6.7281
4073.0000 1.0000 3.2064 -1.4940
15331.0000 1.0000 7.6900 -1.1141
4066.0000 1.0000 16.6600 -0.7783
45025.0000 1.0000 14.2900 -0.8450
6112.0000 1.0000 20.0000 -0.6990
15819.0000 1.0000 14.2900 -0.8450
6108.0000 1.0000 0.0030 -4.5275
17270.0000 1.0000 14.2900 -0.8450
6132.0000 1.0000 50.0100 -0.3009
9630.0000 1.0000 0.3100 -2.5086
2966.0000 1.0000 0.8240 -2.0841
16687.0000 1.0000 14.2900 -0.8450
20881.0000 1.0000 14.2900 -0.8450
2957.0000 1.0000 33.3000 -0.4776
663.0000 1.0000 25.0000 -0.6021
27867.0000 1.0000 11.1100 -0.9543
6025.0000 1.0000 1.8578 -1.7310
15643.0000 1.0000 0.0001 -6.1392
6022.0000 1.0000 14.2900 -0.8450
6020.0000 1.0000 1.7605 -1.7544
5507.0000 1.0000 5.2600 -1.2790
42369.0000 1.0000 12.5000 -0.9031
1920.0000 1.0000 25.0000 -0.6021
6013.0000 1.0000 0.0000 -7.0000
43436.0000 1.0000 1.2745 -1.8947
6041.0000 1.0000 14.2900 -0.8450
4536.0000 1.0000 0.0243 -3.6143
15772.0000 1.0000 5.2600 -1.2790
6765.0000 1.0000 14.2900 -0.8450
1460.0000 1.0000 12.5000 -0.9031
7091.0000 1.0000 0.0009 -5.0686
2993.0000 1.0000 11.1100 -0.9543
2992.0000 1.0000 20.0000 -0.6990
43084.0000 1.0000 0.9342 -2.0296
2989.0000 1.0000 16.6700 -0.7781
2988.0000 1.0000 0.0047 -4.3290
45483.0000 1.0000 50.0000 -0.3010
14301.0000 1.0000 11.1100 -0.9543
9129.0000 1.0000 6.6700 -1.1759
39238.0000 1.0000 7.6900 -1.1141
3227.0000 1.0000 0.0114 -3.9443
43033.0000 1.0000 14.2900 -0.8450
4513.0000 1.0000 25.0000 -0.6021
4000.0000 1.0000 0.0008 -5.1220
2974.0000 1.0000 25.0000 -0.6021
38250.0000 1.0000 16.6700 -0.7781
42750.0000 1.0000 6.6700 -1.1759
624.0000 1.0000 7.1400 -1.1463
5307.0000 1.0000 11.1100 -0.9543
45287.0000 1.0000 12.9000 -0.8894
13157.0000 1.0000 11.1000 -0.9547
45548.0000 1.0000 8.3300 -1.0794
6671.0000 1.0000 3.0281 -1.5188
62624.0000 1.0000 9.0900 -1.0414
22374.0000 1.0000 14.2900 -0.8450
21079.0000 1.0000 9.0900 -1.0414
6226.0000 1.0000 33.3300 -0.4772
12313.0000 1.0000 9.0900 -1.0414
6224.0000 1.0000 33.3300 -0.4772
36431.0000 1.0000 14.2900 -0.8450
36430.0000 1.0000 2.0421 -1.6899
43085.0000 1.0000 5.2600 -1.2790
3157.0000 1.0000 0.0054 -4.2654
3686.0000 1.0000 11.1100 -0.9543
3687.0000 1.0000 9.0900 -1.0414
2153.0000 1.0000 14.2900 -0.8450
12054.0000 1.0000 14.2900 -0.8450
2691.0000 1.0000 5.2600 -1.2790
5759.0000 1.0000 25.0000 -0.6021
5758.0000 1.0000 9.0900 -1.0414
2683.0000 1.0000 2.7789 -1.5561
5754.0000 1.0000 12.5000 -0.9031
6777.0000 1.0000 20.0000 -0.6990
5751.0000 1.0000 10.0000 -1.0000
20899.0000 1.0000 14.2900 -0.8450
5748.0000 1.0000 9.0900 -1.0414
17715.0000 1.0000 20.0000 -0.6990
5231.0000 1.0000 16.6700 -0.7781
2669.0000 1.0000 25.0000 -0.6021
25447.0000 1.0000 5.2600 -1.2790
41578.0000 1.0000 10.0000 -1.0000
26163.0000 1.0000 20.0000 -0.6990
53589.0000 1.0000 9.0900 -1.0414
10313.0000 1.0000 6.2500 -1.2041
21771.0000 1.0000 16.6700 -0.7781
5659.0000 1.0000 6.2500 -1.2041
2585.0000 1.0000 11.1100 -0.9543
5140.0000 1.0000 11.1100 -0.9543
6163.0000 1.0000 11.1100 -0.9543
53534.0000 1.0000 12.5000 -0.9031
2064.0000 1.0000 0.8891 -2.0510
13342.0000 1.0000 0.0044 -4.3584
3087.0000 1.0000 12.5000 -0.9031
24076.0000 1.0000 16.6700 -0.7781
40971.0000 1.0000 9.0900 -1.0414
6060.0000 1.0000 2.0421 -1.6899
25092.0000 1.0000 16.6700 -0.7781
1539.0000 1.0000 0.0208 -3.6823
3074.0000 1.0000 1.5625 -1.8062
2062.0000 1.0000 0.0162 -3.7905
10861.0000 1.0000 0.0174 -3.7586
3109.0000 1.0000 6.2500 -1.2041
38438.0000 1.0000 16.6700 -0.7781
3137.0000 1.0000 0.0000 -6.6615
3135.0000 1.0000 0.0364 -3.4392
41230.0000 1.0000 9.0900 -1.0414
3132.0000 1.0000 9.0900 -1.0414
9787.0000 1.0000 14.2900 -0.8450
42420.0000 1.0000 6.6700 -1.1759
53530.0000 1.0000 1.2343 -1.9086
9782.0000 1.0000 7.6900 -1.1141
565.0000 1.0000 1.4300 -1.8447
2611.0000 1.0000 10.5300 -0.9776
2097.0000 1.0000 8.3300 -1.0794
10800.0000 1.0000 16.6700 -0.7781
9261.0000 1.0000 11.1100 -0.9543
28202.0000 1.0000 16.6700 -0.7781
6183.0000 1.0000 1.0757 -1.9683
581.0000 1.0000 0.0000 -6.4149
40585.0000 1.0000 16.6700 -0.7781
1535.0000 1.0000 14.2900 -0.8450
716.0000 1.0000 0.2228 -2.6521
10407.0000 1.0000 0.0174 -3.7598
715.0000 1.0000 3.3300 -1.4776
9230.0000 1.0000 4.9894 -1.3019
45772.0000 1.0000 20.0000 -0.6990
4030.0000 1.0000 0.2500 -2.6020
1734.0000 1.0000 1.9500 -1.7100
1733.0000 1.0000 11.5800 -0.9363
5316.0000 1.0000 14.2900 -0.8450
685.0000 1.0000 0.7321 -2.1354
4782.0000 1.0000 0.4449 -2.3517
44750.0000 1.0000 5.5600 -1.2549
1201.0000 1.0000 0.0001 -6.0693
4043.0000 1.0000 11.1100 -0.9543
46709.0000 1.0000 25.0000 -0.6021
691.0000 1.0000 0.6939 -2.1587
24011.0000 1.0000 11.1100 -0.9543
1204.0000 1.0000 8.3300 -1.0794
5770.0000 1.0000 12.5000 -0.9031
1212.0000 1.0000 0.0080 -4.0942
1211.0000 1.0000 7.1400 -1.1463
693.0000 1.0000 7.6900 -1.1141
1209.0000 1.0000 7.6900 -1.1141
690.0000 1.0000 0.0000 -6.8091
719.0000 1.0000 0.4949 -2.3055
4791.0000 1.0000 9.0900 -1.0414
721.0000 1.0000 0.1232 -2.9093
42974.0000 1.0000 0.1505 -2.8224
5827.0000 1.0000 22.4800 -0.6482
1172.0000 1.0000 0.0018 -4.7472
12979.0000 1.0000 11.1100 -0.9543
1687.0000 1.0000 7.6900 -1.1141
22392.0000 1.0000 14.2900 -0.8450
710.0000 1.0000 11.1100 -0.9543
39183.0000 1.0000 0.0122 -3.9119
664.0000 1.0000 12.5000 -0.9031
3738.0000 1.0000 8.3300 -1.0794
4315.0000 1.0000 16.6700 -0.7781
34937.0000 1.0000 11.1100 -0.9543
670.0000 1.0000 4.0000 -1.3979
41862.0000 1.0000 10.0000 -1.0000
3519.0000 1.0000 4.9373 -1.3065
673.0000 1.0000 0.1080 -2.9665
1679.0000 1.0000 0.0055 -4.2626
1186.0000 1.0000 0.1648 -2.7831
675.0000 1.0000 9.0900 -1.0414
35470.0000 1.0000 9.0900 -1.0414
724.0000 1.0000 0.8200 -2.0862
1676.0000 1.0000 0.0059 -4.2259
669.0000 1.0000 0.6939 -2.1587
3729.0000 1.0000 8.3300 -1.0794
5570.0000 2.0000 0.6943 -2.1584
3024.0000 2.0000 0.0343 -3.4646
3026.0000 2.0000 0.0110 -3.9598
6110.0000 2.0000 0.0003 -5.5431
3006.0000 2.0000 7.4093 -1.1302
4071.0000 2.0000 0.0587 -3.2311
3116.0000 2.0000 0.1103 -2.9575
2699.0000 2.0000 0.0001 -6.0248
2845.0000 2.0000 0.0016 -4.7897
1695.0000 2.0000 2.3822 -1.6230
5757.0000 2.0000 1.5153 -1.8195
671.0000 2.0000 0.0001 -6.1641
672.0000 2.0000 0.0002 -5.6470
1188.0000 2.0000 0.0110 -3.9584
39184.0000 2.0000 0.0000 -6.9568
4700.0000 2.0000 0.0388 -3.4109
2970.0000 2.0000 0.4638 -2.3337
16283.0000 2.0000 0.0000 -6.9690
1192.0000 2.0000 0.0000 -6.5586
1194.0000 2.0000 0.0002 -5.6338
1195.0000 2.0000 0.0000 -6.9909
14932.0000 2.0000 2.0831 -1.6813
688.0000 2.0000 0.5206 -2.2835
1193.0000 2.0000 0.0000 -6.7988
3121.0000 2.0000 0.0001 -6.2649
3353.0000 2.0000 0.6591 -2.1811
25527.0000 2.0000 0.0000 -6.9601
3136.0000 2.0000 0.0000 -6.9844
17830.0000 2.0000 6.2500 -1.2041
5922.0000 2.0000 0.2067 -2.6846
739.0000 2.0000 0.1983 -2.7026
3017.0000 3.0000 0.2778 -2.5563
667.0000 3.0000 0.0586 -3.2322
5925.0000 3.0000 0.1250 -2.9030
3113.0000 3.0000 0.4630 -2.3344
5798.0000 3.0000 1.3888 -1.8574
20222.0000 3.0000 0.4444 -2.3522
2965.0000 3.0000 0.0486 -3.3130
53531.0000 3.0000 0.0193 -3.7145
4070.0000 4.0000 0.0000 -6.9626
762.0000 4.0000 0.0001 -6.1918
3018.0000 4.0000 0.0000 -6.8186
3117.0000 4.0000 0.0057 -4.2410
768.0000 4.0000 0.0000 -6.9793
2963.0000 5.0000 0.0000 -6.9928
564.0000 5.0000 0.0000 -6.9764
2843.0000 5.0000 0.0000 -6.9747
5815.0000 5.0000 0.0000 -6.8355
3112.0000 6.0000 0.0000 -6.9659
2677.0000 6.0000 0.0000 -6.9913
562.0000 9.0000 0.0000 -6.9396
5814.0000 10.0000 0.0000 -6.8719
2964.0000 25.0000 0.0000 -6.9468
